6629
6515
6680
6703
6712
6716
6727
6728
6732
1342
6733
6741
6747
6751
6752
2211
6762
6767
7556
6641
2247
2250
6743
6756
6768
6776
6781
4439
4560
4571
4572
4581
4755
8480
8482
4945
5284
5546
5236
0050
0051
0052
0053
0054
0055
0056
0057
0061
9103
9105
9110
9136
9188
1342
2211
2247
2250
4439
4560
4571
4572
4581
5284
5546
6515
6641
6743
6756
6768
6776
6781
8480
8482
0050
0051
0052
0053
0054
0055
0056
0057
0061
9103
9105
9110
9136
9188
4945
5236
6629
6680
6703
6712
6716
6727
6728
6732
6733
6741
6747
6751
6752
6762
6767
7556
1342
2211
2247
2250
4439
4560
4571
4572
4581
5284
5546
6515
6641
6743
6756
6768
6776
6781
8480
8482
0050
0051
0052
0053
0054
0055
0056
0057
0061
9105
9110
9136
9188
4945
5236
6629
6680
6703
6712
6716
6727
6728
6732
6733
6741
6747
6751
6752
6762
6767
7556
