1101
1103
1108
1110
1215
1216
1216
1227
1229
1231
1231
1232
1232
1233
1234
1234
1236
1236
1256
1301
1313
1314
1315
1316
1319
1321
1323
1325
1340
1342
1410
1416
1417
1418
1423
1423
1423
1432
1432
1432
1434
1435
1435
1436
1436
1437
1437
1437
1438
1441
1442
1446
1447
1451
1456
1459
1464
1466
1467
1468
1468
1468
1470
1471
1471
1473
1473
1475
1475
1477
1503
1504
1506
1506
1512
1512
1515
1517
1522
1526
1529
1529
1529
1530
1533
1535
1535
1537
1538
1540
1558
1560
1560
1582
1582
1589
1597
1597
1604
1612
1614
1614
1616
1701
1707
1707
1708
1709
1714
1722
1725
1726
1726
1732
1733
1733
1736
1736
1736
1737
1737
1760
1760
1760
1776
1786
1786
1795
1795
1795
1805
1904
1907
2008
2013
2015
2024
2028
2049
2059
2062
2069
2101
2101
2103
2103
2104
2105
2105
2107
2109
2109
2115
2201
2204
2207
2207
2208
2211
2228
2233
2233
2236
2239
2247
2250
2301
2302
2303
2305
2312
2312
2313
2314
2314
2321
2321
2321
2324
2327
2329
2338
2338
2340
2344
2347
2348
2351
2352
2356
2357
2363
2367
2367
2367
2367
2368
2369
2369
2369
2371
2373
2373
2374
2375
2375
2375
2379
2380
2382
2382
2385
2390
2390
2392
2392
2397
2404
2405
2406
2408
2409
2412
2412
2414
2415
2417
2417
2419
2419
2420
2420
2421
2423
2424
2424
2424
2425
2425
2426
2427
2427
2428
2428
2429
2436
2438
2441
2442
2443
2443
2444
2449
2451
2453
2454
2454
2455
2456
2458
2458
2458
2460
2460
2461
2462
2464
2466
2467
2468
2471
2474
2474
2476
2476
2478
2478
2478
2481
2482
2483
2484
2484
2488
2491
2492
2493
2496
2496
2496
2497
2498
2504
2506
2515
2516
2516
2516
2516
2520
2524
2524
2527
2527
2527
2527
2530
2530
2535
2537
2537
2537
2538
2538
2540
2542
2543
2543
2547
2606
2608
2610
2611
2613
2613
2616
2617
2618
2701
2722
2722
2727
2739
2748
2801
2809
2812
2816
2816
2816
2823
2832
2832
2834
2836
2838
2841
2845
2845
2845
2849
2849
2850
2851
2852
2880
2881
2882
2883
2884
2885
2886
2888
2889
2890
2891
2892
2897
2903
2903
2904
2905
2906
2906
2908
2908
2910
2910
2911
2913
2915
2929
2936
2936
2939
3002
3002
3005
3010
3011
3014
3015
3016
3019
3019
3019
3021
3022
3023
3025
3025
3027
3027
3028
3029
3031
3031
3032
3040
3040
3041
3041
3041
3042
3042
3043
3044
3044
3045
3045
3046
3046
3047
3047
3048
3049
3052
3054
3055
3056
3057
3058
3058
3062
3090
3090
3090
3094
3094
3094
3130
3149
3164
3167
3189
3266
3266
3296
3305
3308
3308
3311
3321
3346
3346
3380
3413
3416
3416
3419
3437
3437
3450
3450
3494
3515
3518
3528
3530
3530
3533
3535
3536
3543
3550
3550
3583
3583
3583
3588
3591
3593
3596
3607
3622
3645
3645
3645
3653
3653
3661
3665
3669
3673
3679
3694
3694
3702
3704
3705
3705
3705
3706
3711
3712
4104
4108
4119
4133
4137
4137
4142
4142
4142
4142
4148
4155
4164
4439
4532
4536
4545
4545
4551
4551
4555
4560
4560
4566
4566
4566
4571
4572
4576
4576
4581
4581
4737
4739
4739
4766
4807
4906
4912
4915
4915
4915
4915
4916
4916
4927
4934
4942
4943
4952
4960
4967
4967
4976
4976
4977
4977
4989
4989
4994
5007
5007
5203
5215
5234
5243
5243
5258
5258
5269
5269
5284
5285
5285
5285
5388
5434
5434
5469
5469
5469
5471
5515
5515
5521
5522
5522
5525
5538
5546
5608
5876
5880
5906
5907
6005
6108
6115
6115
6128
6133
6136
6136
6141
6141
6141
6152
6152
6152
6153
6164
6164
6166
6168
6168
6172
6184
6189
6191
6191
6196
6197
6202
6202
6202
6205
6209
6213
6214
6214
6214
6215
6215
6225
6225
6225
6226
6239
6251
6251
6257
6257
6269
6269
6271
6271
6278
6282
6288
6289
6409
6412
6431
6431
6438
6438
6443
6449
6449
6449
6451
6464
6505
6505
6515
6525
6533
6541
6552
6552
6558
6579
6579
6582
6591
6598
6625
6625
6641
6666
6666
6666
6666
6668
6668
6668
6668
6669
6670
6672
6672
6672
6674
6706
6706
6715
6743
6754
6756
6768
6768
6776
6781
8011
8011
8021
8021
8028
8028
8033
8046
8072
8072
8081
8081
8081
8103
8110
8110
8114
8150
8150
8215
8249
8261
8261
8411
8411
8422
8427
8442
8442
8442
8454
8464
8464
8473
8480
8482
8482
8488
8940
8940
9902
9904
9905
9906
9907
9908
9908
9911
9917
9919
9921
9924
9925
9926
9926
9927
9927
9929
9930
9935
9937
9939
9940
9942
9943
9943
9944
9946
9946
0050
0051
0052
0053
0054
0054
0055
0055
0056
0057
0061
9103
9103
9103
9105
9105
9110
9110
9136
9188
1240
1258
1259
1264
1565
1570
1570
1593
1595
1595
1599
1599
1742
1752
1752
1752
1777
1777
1784
1785
1785
1796
1813
1815
1815
2035
2061
2061
2064
2064
2066
2067
2221
2221
2235
2596
2640
2640
2641
2718
2732
2736
2928
2928
3066
3078
3078
3083
3088
3088
3093
3095
3115
3118
3122
3144
3144
3152
3152
3162
3163
3169
3169
3171
3171
3188
3188
3191
3202
3202
3205
3205
3207
3207
3211
3213
3213
3217
3221
3221
3224
3227
3228
3230
3234
3252
3252
3265
3265
3268
3276
3287
3289
3290
3290
3293
3294
3303
3306
3306
3310
3310
3317
3322
3323
3323
3324
3354
3357
3357
3360
3362
3372
3379
3379
3390
3390
3402
3426
3434
3438
3441
3444
3444
3444
3465
3466
3479
3479
3483
3483
3490
3498
3499
3499
3508
3511
3512
3516
3520
3520
3521
3526
3526
3531
3537
3548
3551
3551
3552
3555
3556
3556
3558
3570
3570
3580
3580
3581
3581
3587
3587
3594
3594
3609
3609
3611
3611
3611
3623
3624
3625
3625
3630
3631
3632
3642
3642
3652
3663
3664
3664
3664
3666
3672
3684
3684
3685
3685
3687
3689
3691
3713
4109
4113
4113
4114
4120
4126
4127
4129
4131
4138
4154
4157
4157
4160
4160
4160
4161
4162
4163
4167
4168
4168
4171
4173
4174
4174
4207
4303
4413
4416
4417
4417
4429
4430
4503
4503
4506
4510
4510
4513
4523
4527
4528
4530
4533
4535
4535
4538
4538
4538
4541
4542
4543
4549
4550
4554
4556
4556
4561
4561
4609
4706
4707
4712
4714
4721
4726
4726
4728
4729
4729
4729
4735
4736
4741
4743
4744
4745
4747
4754
4760
4760
4803
4903
4903
4905
4907
4907
4907
4908
4911
4924
4924
4924
4931
4939
4945
4946
4953
4972
4972
4972
4973
4973
4974
4987
4987
4995
5011
5015
5102
5201
5202
5209
5209
5220
5223
5223
5227
5230
5236
5245
5251
5263
5272
5272
5276
5281
5289
5291
5302
5302
5309
5309
5314
5324
5328
5340
5344
5351
5353
5355
5371
5383
5398
5403
5403
5410
5426
5438
5439
5443
5457
5460
5464
5468
5474
5474
5474
5487
5488
5489
5490
5493
5493
5508
5511
5511
5511
5514
5514
5523
5536
5536
5543
5601
5604
5701
5878
5903
5904
5904
6023
6101
6104
6109
6109
6118
6121
6122
6122
6123
6125
6125
6127
6127
6129
6129
6134
6138
6140
6143
6143
6146
6147
6148
6151
6154
6156
6158
6158
6160
6160
6161
6169
6170
6170
6171
6171
6173
6174
6174
6175
6180
6186
6194
6195
6195
6198
6198
6203
6204
6207
6208
6208
6210
6217
6220
6220
6222
6223
6223
6227
6228
6229
6229
6233
6233
6234
6234
6237
6240
6240
6240
6241
6244
6246
6246
6246
6246
6261
6263
6264
6264
6265
6266
6275
6279
6284
6284
6291
6292
6294
6294
6404
6411
6417
6417
6418
6432
6432
6446
6457
6461
6461
6465
6465
6469
6469
6485
6486
6494
6499
6509
6509
6510
6510
6512
6512
6523
6527
6527
6530
6530
6532
6535
6538
6548
6556
6556
6556
6556
6560
6560
6560
6561
6574
6588
6589
6590
6594
6594
6594
6596
6609
6612
6612
6615
6629
6640
6640
6640
6642
6642
6649
6649
6651
6654
6661
6661
6661
6661
6662
6664
6664
6667
6679
6680
6680
6684
6697
6703
6703
6712
6712
6716
6727
6727
6727
6728
6732
6733
6741
6747
6751
6752
6752
6762
6767
6767
6803
6803
7402
7556
8034
8034
8034
8038
8038
8040
8047
8048
8049
8050
8050
8054
8059
8064
8066
8068
8080
8087
8088
8089
8091
8092
8093
8097
8109
8109
8111
8111
8121
8155
8155
8176
8182
8183
8183
8240
8255
8279
8289
8299
8342
8342
8349
8349
8349
8358
8358
8383
8401
8403
8403
8409
8409
8415
8416
8416
8416
8418
8418
8421
8424
8424
8431
8435
8446
8450
8450
8450
8455
8477
8908
8908
8917
8921
8924
8927
8933
8935
8935
8941
8941
9949
9949
